1
2
3 1581 56 496 565 2673 770 2505 2585 332 517 875 343 1594 1551 962 203 1365 852 979 836 2208 2566 1753 2571 2128 2271 805 2282 601 696 2747 845 2918 500 96 2834 1004 117 426
4 1105 160
5 683
6
7
8
9
10
11 429
12
13
14
15
16
17
18
19
20
21
22 295
23
24
25
26
27
28
29
30
31
32
33 2264 2134 1721
34
35
36
37
38
39
40
41
42
43
44
45
46 2551 789 1786
47 2592
48
49
50 2146 1307 2764 719
51
52
53
54
55
56
57
58
59 2898
60
61
62
63
64 907 1155
65
66
67 2934 1444 351 1984 2131 2757 488 363 1896 1341
68 36 903
69
70
71
72 1390 801 2170 504 2343 277 2513 1291 1524
73
74
75
76
77
78 1595 1228 1212 126 1425 144 1912 2798 747 751 1230 1286 2532 2817 2121 44 1182 1051 1640 954 2145 1109 501 2256 323 1976 1454 1219
79 2811 2255 932 1042
80
81
82
83
84
85
86
87
88
89 1089 869 1856 369 188 788 2237 433 1969 2785
90
91 2136 1709 2356 2927 2547 120 1698 335 2845 2166 2199 649
92 279
93
94
95 1543 1224
96
97
98 1590 1625 951
99
100 1294
101
102
103
104
105 23
106
107
108
109 2610 514 2423 812
110
111
112
113
114
115
116
117
118
119
120
121
122
123
124 10 2404 549
125 1163 2730
126
127
128
129
130
131
132
133
134
135 1388
136
137
138
139
140
141
142
143
144
145
146 997
147
148
149
150
151
152
153
154
155 2258 2387 2702 2114 2396
156 2322 2503 1201 600 707
157 2255 936
158
159
160
161
162
163
164
165
166
167
168
169
170
171 1491
172
173
174
175 34
176
177
178
179
180
181
182
183 669 1426 2117
184
185
186
187
188
189
190
191
192
193
194
195 1045 1178 1348 1545 988 1245 1214 563 773 1907 315 1205 1593 568 2725 1643 2328 222 1313 2382 689 1466 1588 2473 999 1170 591 726 2744 1486 2837 2032 1070 1376
196
197
198
199 508 151 118 1740 677 365
200
201 1918 2222 2277 1726 283
202
203
204
205
206
207
208
209 2930 2523 1310 1819
210 161 367 1759 20
211
212 2437
213
214
215
216
217
218
219
220
221 1929 2158
222
223
224 304 1381
225
226 2499
227
228
229
230
231 891
232
233
234
235
236
237
238 2402 2470 1202 2638 2420
239
240
241
242
243 1995
244
245
246
247 1380
248
249
250
251
252
253
254
255 211
256
257
258
259
260
261
262
263
264
265
266 103
267
268 2204 2776 767 1416 1508 761 1716 584 2929
269
270
271 723
272
273 1049
274
275
276
277
278
279
280
281
282
283
284
285
286 829
287
288
289 2565 333
290
291
292
293
294
295
296
297
298
299
300 1341
301
302
303
304
305 2377 1915 797 2562
306
307 434 1235 7
308
309
310
311 94
312
313
314 1248 2477 1169
315
316
317
318
319
320
321
322 24
323
324 1720 2509 2841 1657
325 1042 1343 1052 1765 1713 1690 1418 1869 1612 1104 458 491 2454 912 1123 275 1805 2844 740 1916
326
327
328
329 854 822 370
330
331
332
333
334
335
336
337
338
339 337
340
341
342
343
344
345
346
347
348 2719
349 2608
350
351
352 547 2092 893 542 21
353
354
355
356 1962
357
358 1366
359 2157 774 2890 749 2030
360
361
362
363
364
365 655
366
367
368
369
370
371
372 687
373
374
375 1372 1729 285 592 2761 86 1982 2908 2066 766 2403 670
376 1098
377
378
379
380 2422
381
382
383
384
385 2852
386
387
388
389
390
391
392
393
394
395 464
396 1110
397
398
399
400
401
402
403
404
405
406 1504
407 1353 1548
408
409
410
411
412
413
414
415
416
417
418 2646 2042 1463 2236 658 2644 709 1542 604 455
419
420
421 795 1891 1650 1407
422
423
424
425
426
427
428
429
430
431
432
433
434
435
436
437
438
439
440
441
442 888 146 917 1587
443
444
445
446
447
448 2526 2552 1041
449
450
451
452
453
454 1197
455
456
457 2298 1032 701 782
458 2123 2696
459 1959
460
461
462
463
464
465
466 1000
467 1980
468
469
470
471
472
473
474
475 2022
476 1815 1060 2419 1708
477
478 2567 2530
479
480 1998 587 2540 2228 2438 1707 327 51 2641 758 239 1455 2690 2877 2839 1367
481 783 1120 1121 534 1265 1675 276 421 2789 2175 2407 1229
482
483
484
485
486
487
488 1453 1836 2902 1564 760
489
490
491
492 1731
493
494 641 1997
495
496
497
498
499
500
501
502
503
504 1603 1632 784 240
505
506
507
508
509
510
511
512
513 303
514
515 2442 67 1851 2569 2534 2843 2002 771 1735 2020 1600 2875 1300 1298 2178 972 164 1811 2672 2187 2301 1495 119 886 2836 2862 1933 306 598 1628 2782 2911 2604 1531 173 2235 1578 1351 704 803 1134 1263 2481 1956 2514 2803
516
517
518
519
520
521
522
523
524
525
526
527
528
529
530
531
532
533 107 1081 116 2680 2494 1791 129 1622 2081 1615
534 1115
535
536 156 2254 1187 2031
537
538
539
540
541
542
543
544
545 2054 1930 1886
546
547
548
549
550
551
552
553 1316 1142 1445 1435 107 2195 909 388
554
555
556
557 475 2612
558
559 2624 1393 69 2568 9 330 1838 1676 2111 1423 900 64 1414 2051 1992 994 581 2743 2694 1999 1498 1919 896 1334 1437 2002 1173 1532
560
561
562
563
564
565
566
567
568 711
569
570
571
572 159 1232
573
574
575
576
577 2634 316 939 599 1659 621 373 1211 2388 977 781 2599 705
578
579
580 654
581
582
583 48
584
585 1568 2685 2496 2218
586
587
588 574
589
590
591
592
593
594
595
596 527 1175 405 1240
597
598 169
599
600
601
602 2711 1012 1165 2905
603
604
605
606 2826 2656 1203
607
608
609
610
611
612
613 1519
614
615
616
617
618 1326 1161
619
620
621
622
623
624
625
626
627
628
629
630
631 1745 975 2935 2147 2057
632
633
634 1827
635
636 1025
637
638
639
640
641
642
643
644
645
646 2247
647
648
649
650
651 2284 1039 2619 2234 1283 2303 453 1893 2797 1822 993 1925
652
653 2246 1940 1928 2850 980 224 1037 2666 2846 1539 1213 2209 2143 1172 339 1352 613 2550
654
655
656
657
658
659
660
661
662
663
664
665
666 743
667
668 2024
669
670
671
672
673
674
675
676
677
678
679
680
681
682
683
684
685
686
687
688
689
690
691
692
693
694
695
696
697 291
698
699 1438
700
701
702
703
704
705
706
707
708 433
709
710
711
712
713 1436 2790
714 443
715
716
717
718
719
720
721 181 1136
722
723
724 2557 152 874
725
726
727 2633 550 1421 2639 638 1151 635 2536 499
728
729
730
731
732
733
734
735
736
737
738
739
740
741
742
743
744
745
746
747
748
749
750
751
752
753 908
754
755 1953
756
757
758 879
759
760
761
762
763
764 648 2544
765 834 1145 645 1642
766
767
768
769 17 1761 280 2393
770
771
772 1577
773
774
775
776
777
778
779
780
781
782 1646
783
784
785
786 1400 1809 186
787
788
789
790
791
792
793
794
795
796
797
798
799 1847 2806
800
801 890 636 2495 1186 402
802
803
804
805
806
807 2294 1928 2040 359 885 1717 2740 631 2762 2628 2120 2278 2151 1682 1002 786 1523 92 1036 1093 457 538 1288 396 2804 2812
808
809
810
811
812
813
814
815
816 2036 1355 2545 509 313 290 2414 2873 1957 803 2385 694 2435 2185
817
818
819 2876
820
821
822
823
824
825
826
827
828
829
830
831 748
832
833
834
835
836
837
838
839
840 195 570 1525 2346 278 1242 440 2821 133 1107 1226 110 2210 1584 2698 381 2772 49 1746 968 1027 572 1950 2257 1303 2507 1647 2297 1771 556 1146 2533 562 1431 2851 2368 1101 792 1970 615 2461 2701 192
841
842 407 2636 2739 2639 1923 2903 1877 1719 41 2141 322 1184 2221 2510 1288 2661 172 2315 12 965
843
844
845
846
847
848
849
850
851
852 154 1411
853 559 2163 2654 2587 324 840 95 801 72 1010 2110 481 224 1090 361 2538 1130 1585 2675 2161 454 1902 1297 1510 266 1862 1644 736 1507 380 1583 1881 1910 633 2462 471 769 2786 2260 2037 384 634 2391 2434 970 467 2892 400 2003 2212 206 2172 1888
854
855
856
857
858
859
860 2858
861
862
863
864
865 1603
866
867 532 2561 59 2898 602 1447 375 1068 2287 2250 2492 22 1384 1887 131 302 1024 847 2649 1591 1986 2034 1783 2816 1333 226 1699 1344 2487 2090 2095 1209 1567 855 136 1088 1756 2900 292 2447 2318 2030 189 1631 1483 1373 1687 2080 2922 1434
868
869
870
871
872
873
874
875
876
877 2591 2463 422 387 1308 1826 1981
878
879
880
881
882 1552
883
884 843
885 1528 2196 2645 1238
886
887
888
889
890
891
892
893 2094
894
895
896
897
898 2506 1608 137 1673 228 2180
899
900
901
902
903
904
905
906
907
908
909
910
911
912
913
914
915
916
917
918
919 473 728
920 2107
921 13
922 2274 2432 2220 1931 2392 851 2855 1210 2707 227 404 245 1007 661 1757 1280 942 1206
923
924
925
926 1339 246
927 1317
928
929
930
931
932
933
934
935
936
937 2678 407 2667 2280
938
939 1475 1065
940 927
941 1741
942
943 208
944
945 1831
946
947
948
949
950
951
952
953
954 2508
955
956
957
958
959
960
961
962
963
964
965
966
967
968
969
970
971
972
973
974
975
976
977
978
979
980
981
982
983 541 522 868 1845
984
985
986
987
988
989
990
991
992
993
994
995
996 2632
997
998
999
1000
1001
1002 2085 1702 555
1003
1004
1005
1006 2056 545 1315 2153 1738 2184 1441 721 2682 1927 2911 2130 1047 58 553 1227 1773 1287 2340 293
1007
1008
1009 944
1010 521 1515 162 1292 2490 1312 2059 439
1011
1012
1013
1014
1015
1016
1017
1018
1019 484 1378 468 1911 1541
1020
1021
1022
1023
1024
1025
1026
1027
1028 2333 766
1029
1030
1031
1032
1033
1034
1035
1036 976 1151
1037
1038
1039
1040
1041 104 1958 2716 362
1042
1043
1044
1045
1046
1047 623
1048
1049
1050
1051
1052 2664 884 2386 1795 247 378 540 2269 2630 1868 2455 1516 58 1635
1053
1054
1055
1056
1057 1029
1058
1059
1060
1061
1062
1063 1497 174 1073 1410 2103
1064
1065
1066
1067
1068 2824 1050
1069 1049 297 1048
1070
1071
1072 1087 2600 1077 955 2883 2807 2611 973 1606 2091 2822 1565
1073
1074
1075
1076
1077
1078 533 2769 107 1791 1622 2230 1409 194 1069 1500 2138 983 2777 2440 1143 2708 1259 177 1487 1774 2928 1670 1285 80 935 458 2768 2076 2738 660 667 1011 82 2697 1648 911 1505 415 2405 1850 1268 552 1704 1299 57 1092 1408 1099 684 1906 848 685 810 2406 2482 535
1079
1080
1081
1082
1083
1084
1085
1086 731 1254 733
1087
1088
1089
1090 1281
1091
1092
1093
1094
1095
1096
1097 1983 281 2216 2064 2880 1015
1098
1099
1100
1101
1102 645 1660 2105 938 2188 1293 741 2904 166
1103
1104
1105
1106
1107
1108
1109 1938 140
1110
1111
1112
1113
1114
1115
1116 1266
1117
1118
1119
1120
1121
1122
1123
1124
1125 2578 1461 927 2574 2444 1520 1825 1769 1252 138 989 1877 2082 267 299 1996 2 2827 1790 2465 1271 1733 2097 2791
1126
1127 1262 326 286 895 2830 1402 1639 2008 1046
1128 2126 2122 2481
1129 2478
1130
1131
1132
1133
1134
1135
1136
1137
1138 200 586
1139 2380
1140
1141
1142
1143
1144
1145
1146
1147
1148
1149
1150
1151
1152
1153 1523 1190
1154
1155
1156 1576 2718
1157
1158
1159
1160
1161
1162
1163
1164 1479 1001 1468 799
1165
1166
1167 2137
1168
1169
1170
1171 902 182 1514 1301 578 1903
1172
1173
1174
1175
1176
1177
1178
1179
1180
1181
1182
1183
1184
1185 1974
1186
1187
1188
1189 1988
1190
1191
1192
1193
1194 2353 2341
1195
1196
1197
1198
1199
1200
1201
1202
1203
1204
1205
1206
1207
1208
1209
1210
1211
1212
1213
1214
1215
1216 2657
1217
1218
1219
1220
1221
1222
1223 2784 2670 1951
1224 1506
1225
1226 1800 259 1734 1730 2511 132 503
1227
1228 413
1229 2878
1230
1231 2399
1232
1233
1234 2069 1857 321 2339 1598 1267 2703 1154 102 1122 2453 1499 2717
1235
1236
1237
1238
1239
1240
1241
1242
1243
1244
1245
1246 1054 2721 1870 2763 2742 423 2521 1671 8 2149
1247
1248
1249
1250 410
1251 310
1252
1253
1254
1255
1256
1257
1258
1259
1260
1261
1262 1512 1835 814
1263 141
1264
1265
1266
1267
1268
1269
1270
1271 931
1272
1273
1274
1275 1579
1276
1277
1278
1279
1280
1281
1282
1283
1284
1285
1286 991 1556
1287 1295 1899 1250 2831 1793 716 745 647 1162 1320 2715 695
1288
1289 2400
1290 2549 265 551 2626 1509 1042
1291 583 1518
1292
1293
1294
1295
1296
1297 1158 2813 899 1666
1298
1299
1300
1301
1302 2211
1303
1304
1305
1306 2243
1307
1308
1309 1306 478 2210 2665 1131 1394 1700 1723 1135 2238 1758 1772 30 284 2262 296 2361 2272 1555 364
1310
1311
1312
1313
1314
1315
1316
1317
1318
1319
1320
1321
1322
1323
1324
1325 1848
1326
1327
1328
1329
1330
1331
1332 1819 1711 2920
1333 2595
1334 2796 2620 1954 1663 998
1335
1336
1337
1338
1339
1340
1341
1342
1343 679
1344
1345
1346
1347 607
1348
1349
1350
1351 1732
1352
1353
1354
1355
1356
1357
1358
1359
1360
1361
1362
1363 2309 1787
1364 656 730 644
1365
1366 665
1367
1368
1369
1370 1991 2699 2307 2398 2810 2501 2629 1129 2401 926 1727 2771 417 2395 158 606 2241 733 287 1057 2383 2535
1371
1372 2197 1511 2411 2712
1373
1374
1375
1376
1377
1378 2489
1379
1380
1381
1382
1383
1384
1385
1386
1387
1388 2357
1389
1390 2625 1198 1368 2469 99 857 1754 148 750 960 117 393
1391
1392
1393 820
1394 1527
1395
1396
1397 2787
1398
1399
1400
1401
1402
1403 2555
1404
1405
1406
1407
1408
1409 1462 1620 1502 301 862 1319 894 2577 14 2814 776 2466
1410
1411
1412 1079 523 2292
1413
1414 2775
1415
1416
1417 520
1418 1427 2416
1419
1420
1421 2373 657 1236
1422 1243
1423
1424
1425
1426
1427
1428
1429
1430 1304 354 312 235 60 1392 2778
1431
1432
1433 616
1434
1435
1436 2894
1437 1829 2665 1755 2266
1438
1439
1440 1517
1441 320
1442
1443
1444 922
1445
1446
1447 309 910 1645 1028
1448 185
1449
1450 1485
1451
1452
1453
1454
1455
1456
1457
1458 2312 263 2344
1459
1460
1461
1462
1463
1464
1465
1466
1467 371 427 241
1468
1469
1470
1471
1472
1473
1474
1475
1476
1477
1478
1479
1480
1481
1482
1483
1484
1485 2670 489 198
1486
1487
1488
1489 870 2206 2304 2035 2033 892
1490
1491
1492
1493
1494
1495
1496
1497
1498 105 2493
1499
1500 2394
1501
1502
1503
1504
1505
1506
1507
1508
1509
1510 2083 2808 2224 1147 2647 1270 1085
1511
1512
1513 507
1514
1515
1516
1517
1518
1519
1520
1521
1522 1973
1523
1524
1525 611 2021
1526 2431 46 2160 431 699
1527
1528
1529
1530
1531
1532
1533
1534
1535
1536
1537 2810 1110 1171 1779 490 2363 1667 1558 1852 1714 1314 1834 1043 1873 87 77
1538
1539 482 752 1371
1540
1541
1542
1543
1544
1545
1546
1547
1548
1549
1550
1551
1552
1553 444 2760 2225 1014
1554
1555 608
1556
1557
1558 2351
1559
1560
1561
1562
1563
1564 1258 698
1565 2597 1396
1566
1567
1568
1569 1090
1570 477
1571
1572
1573
1574
1575
1576
1577
1578 1269
1579
1580
1581
1582
1583
1584
1585
1586 763 231 1350 2860
1587
1588
1589
1590 2215 956
1591
1592
1593
1594
1595
1596 2467
1597
1598
1599
1600
1601
1602
1603
1604
1605
1606
1607
1608
1609
1610
1611
1612 2193 2825 2573 357 2854 2249 70 145 2658 739 268 2842 495 785
1613
1614 272 1631
1615
1616
1617
1618
1619
1620
1621
1622 1157 2115
1623
1624
1625 1623 2154
1626 2870 219
1627 2659 1922 519
1628 2270 363
1629 1601
1630 1952 2310 1199 38
1631
1632 2140
1633
1634
1635
1636
1637 171 2758
1638
1639 866 1665 1722
1640
1641 2741 2366
1642
1643
1644
1645
1646
1647
1648
1649
1650
1651
1652
1653
1654
1655
1656 1022 1806 2342 2300 2933 858 1296 672 1197 2372 498 2164 2793 487
1657
1658
1659
1660
1661 985 1890 2727
1662
1663
1664
1665 358 420
1666
1667 163
1668 2070
1669
1670
1671
1672
1673
1674
1675 772
1676 2053
1677
1678
1679
1680
1681 610
1682
1683
1684
1685 1955
1686
1687
1688
1689
1690 717
1691
1692
1693
1694
1695
1696
1697
1698
1699
1700
1701
1702
1703
1704 2691
1705 170
1706
1707
1708
1709 379 2314 873 641 1897 2354 2660 681 2859 2484 2838 344 16 486 1405 924 399 1798 1040 1160 391
1710
1711 2074
1712 1651 2397 2028 32
1713 1908 1878 982
1714
1715
1716
1717 199 1156 2293 2148 1114 2417 902 182 1301 1703 964 1918 2050 445 2637 1112 35 844 1775 808 184 2409 1406 183 2847 768
1718
1719
1720 267
1721
1722 143
1723
1724
1725
1726
1727
1728
1729 2358 1743
1730
1731
1732 1801
1733
1734
1735
1736 1948
1737
1738
1739
1740
1741
1742
1743
1744 561
1745
1746 958
1747
1748
1749
1750
1751 779 211 1023 139
1752
1753
1754
1755
1756
1757
1758 1247
1759
1760
1761
1762
1763
1764
1765 1799 1033 1244 2232 1550
1766 2459
1767 2005
1768
1769
1770 539 1456 1614 1736 248 492 1778 2159 849
1771
1772
1773
1774
1775
1776 2556
1777
1778
1779 1669 762 220 2379 596 1864
1780
1781
1782 1189 1233 1503 1391 2267
1783
1784
1785
1786
1787
1788
1789
1790
1791
1792
1793
1794
1795
1796
1797
1798
1799
1800 2389
1801
1802
1803 2889 929
1804
1805
1806
1807
1808
1809
1810 1204
1811
1812
1813
1814
1815
1816
1817
1818
1819
1820 2419 2460 2000 2253
1821
1822
1823
1824
1825
1826
1827 1821
1828
1829
1830
1831
1832
1833
1834
1835
1836
1837
1838
1839 2281 2457 180 2653 543
1840
1841
1842 1652 823 252 1179 407 2079 11 2471 863 1884 1843 1167 2598 234 566
1843 1220 1080 1464 106
1844
1845
1846
1847
1848
1849
1850 167 1680
1851 882 2200 1963 1964 1054 2799 2088 2893
1852
1853 497 1849 933
1854
1855
1856
1857
1858
1859 2560
1860
1861
1862 1853 838 1876 2378 438 398 1276 1894 756 2914 2856
1863
1864 2116 2729 744 2327 1574
1865
1866 2329
1867
1868 1491 573 350 62 1637
1869 2720
1870 764 65 2071
1871
1872
1873
1874 1470
1875
1876
1877
1878
1879 1181
1880
1881 2543 1968 827 1031 1789 238 1802 1321 984 2007
1882
1883 816 2139 1164 2572 1052 1478 1900 2451 51 63 461 622 2936 2058 1863 582
1884
1885
1886
1887 1645
1888 2684 1937
1889 724 1246 2311 1063 1870 1295 2833 329 2445 2723 2202 1056 1616 242 2692 386 2144 2476 408 605 1492 1494 673 1617 2754 2336 1823 395 1094 18 2563 1604 1064 1784 1750 1476 2185 2013
1890
1891
1892
1893
1894
1895
1896
1897
1898 2915
1899
1900 579 2102 390 1207 197 1349 2458 2433
1901
1902 2899 1354 1449 989 350 2253 603 791
1903
1904 1261
1905
1906
1907
1908
1909
1910
1911
1912
1913
1914 2766 2800 2168 887 856 1460 526 1678
1915
1916
1917
1918 2631 1200 1766 2695 1989 1683
1919 925
1920 564
1921
1922
1923
1924
1925
1926
1927
1928 2295 2025 2810 1009 2857 1993 898 579 2472
1929
1930
1931
1932
1933
1934
1935
1936
1937
1938
1939
1940 2259 1177 646 2829 171 1701 1075 1710 1274
1941
1942
1943 901
1944 42
1945
1946
1947
1948
1949 1605
1950
1951
1952
1953 1217
1954
1955
1956
1957
1958
1959
1960
1961
1962
1963 724 317
1964 2108 2176
1965
1966
1967
1968 1573
1969
1970
1971
1972
1973
1974
1975 811 2602 1960 1133 2043 1289 2248 2788 1535 1941 2525 880 1693 1260 2832 2233 2089
1976
1977
1978
1979
1980
1981 1944
1982
1983
1984
1985
1986
1987
1988
1989
1990
1991
1992
1993 2375
1994
1995
1996
1997
1998
1999 2728 626 943 109 666
2000
2001 951
2002 2213
2003
2004 2621
2005 828
2006
2007 5
2008
2009
2010
2011
2012
2013
2014
2015
2016
2017
2018
2019
2020
2021
2022
2023
2024
2025 1751 1129 832 1126 2441 2265 255 1395 1375 370 2408 2018
2026 1055 114
2027
2028
2029
2030
2031
2032
2033
2034
2035
2036
2037 2192 1540 2732 674 1961 2288
2038
2039
2040 155 210 1096 1812 252 2068 2820 1686 842 1655 2316 738 2524 1728 1019 41 1620 2891 416 2589 734 2443 2733 2518 341
2041
2042
2043 2774 1150 793 795 1971 682
2044
2045 919 305 2751 1216 349 1452 2063 2881 1662 2515 2017 2183 2724 2623 1311 1571 809 1840 2360 2479 257 40
2046 2113 2746 2616
2047
2048
2049
2050 2124 441 2874 274
2051
2052 1061
2053
2054
2055
2056
2057
2058
2059
2060 2048 2291 2189 1383 1437 1309 78 2045 2762 576 207 307 130 125 585 1443 1630 2415 340 2273 1892 1377 518 205 1277 1332 289 2167 2331 1253 209 1193 2370 928 2355 448 1413 1005 2251 3 916 2750 244 1814 2326 2643 1439 2662 1905 820 1273 2713 374 328 269 1072 2542 512 425 2779 243 1139 89 1496 1724 1422 708 614 1949 516 569 1141 85 294 735 1429 1430 2365 1674 659 452 1978 2520 2483 2512 134 1358 1764 802 301 1053 135 2352 2119 632 1547 2191 1330 2448 2553 2016 2848 2384 732 1196 319 1359 959 2909
2061 2683 2584
2062 2177 1879 1529 531 1420 254 595 2910
2063
2064
2065
2066
2067
2068
2069
2070
2071
2072
2073
2074
2075
2076
2077
2078
2079 2308 1747
2080 81
2081 2412
2082
2083
2084
2085 1861
2086
2087 61
2088
2089 463
2090
2091
2092
2093
2094
2095
2096
2097
2098 1009 2044 881 2506 651 1608 137 2609 898 1451 940 318 1942 348 1067 2052 1362 921 460 796
2099 1327 1882 356 338
2100
2101
2102
2103
2104 1231 737 232 1943 2590 1522 511 2132 790 1095 2245 1580 2867 1526 839 2925 1913 447 212 55 469 1513 355 2452 1457 389 609 1189 1008 725 2823 1782 1318 270 2424 1606 1777 2756 2289 456 2558 2319 1688 2153 1218 2217 376
2105
2106 2313
2107
2108
2109
2110 1102 2654 1569 506 2100 1599
2111 347
2112
2113
2114
2115
2116
2117
2118
2119
2120 2367 727 837 1100 1904 28 2548 864 2522 2913 19 1926 2413 2488 1153
2121 204
2122
2123
2124
2125 978
2126
2127 1860
2128
2129
2130
2131
2132
2133
2134 2783 2029 2486 1610 1841 825 2879 1559
2135
2136
2137
2138
2139
2140
2141 407 1548
2142
2143
2144
2145
2146
2147
2148
2149
2150
2151
2152
2153
2154
2155
2156
2157 2023 2531 2306 2275
2158
2159
2160
2161
2162
2163 819 2155 1569 2714 1066 650 1118 2129 2497 2869 2819 952 53 1413 1188 1108 2317 353 2194 2594 1237 314 594 1257 93 1965 1624 428 2686 2575 122 1697 2606 73 47 1967 2290 554 1804
2164
2165
2166
2167 1021 2334
2168
2169
2170
2171
2172
2173
2174
2175
2176
2177
2178 2450
2179
2180
2181
2182
2183
2184 2916
2185 1837
2186 575 1939
2187
2188
2189 1115
2190
2191
2192
2193
2194 2430
2195
2196
2197
2198
2199
2200
2201
2202
2203
2204
2205
2206
2207
2208
2209 936 2603
2210
2211
2212
2213
2214
2215
2216
2217
2218
2219 345
2220
2221 652
2222 1634
2223
2224
2225
2226
2227
2228
2229
2230 2015
2231
2232
2233
2234
2235
2236
2237
2238 187 1796 1035 2815 1016 2283 2006 2861 1336
2239
2240
2241
2242
2243
2244
2245
2246 1924 2242 1183 2075 1785 1692 1626 1917 947
2247
2248 1794
2249
2250
2251
2252
2253
2254
2255
2256
2257
2258 24 1932
2259
2260 224 1125 2039 2726 178 2818 1653
2261
2262
2263
2264 158
2265
2266
2267
2268
2269 256
2270
2271
2272
2273 2369 436 202 862 261 1471
2274 1302 79 1387
2275
2276
2277 1448
2278 1185 128 624
2279 45 1689 889 529 2926 1776 2752 2750 210 1062 1765 1222 1241 2618 915 939 1921 1560 2896 410 536 2500 1385 558 2201 2014 409 1813 2214 459 418 690 835 2345 1113 1935 8 377 567 430 1875 1308 1846 414 2801 1191 571 1234 2809 2169 957 2710 1909 1038 841
2280
2281
2282 815
2283
2284
2285
2286 637 680
2287
2288
2289 821
2290
2291 2706
2292
2293
2294 937 2219 753 2475 1694 121 2906 2186 2655 2367 27 2009 2338 472 1803 71 230 2635 1251 1590 1904 2564 1745 787 1533 493 525 249 2849 2012 625 1625 2182 2605 435 1609 1649 1174 462 179 1386 1739 1003 628 2485 2078 813 2190 1272 2887 1572 1446 2700 6 2527 2299 2593 397 101 412 298 1364 1946 98 703 1074
2295
2296
2297
2298
2299
2300
2301
2302
2303 804 2907 2073 127
2304
2305
2306
2307 68 2622 1412 1419 297 2645 596 593 2038 2142 2456 1215 2055 366 1331 1415 2897 2570 2027 2528 697 876 961 2362 1557 88 1715 2805 2174 1859 949 368 54
2308
2309
2310
2311
2312
2313
2314
2315
2316
2317 1166
2318
2319
2320
2321 163 70
2322
2323
2324
2325
2326
2327
2328
2329
2330
2331 1021 2687
2332
2333
2334
2335
2336
2337 112 1658
2338 250 706 954 2011 612 1379 1424 1140 383
2339
2340
2341
2342
2343 510
2344
2345
2346
2347 2752 1058
2348
2349
2350
2351
2352
2353
2354 2350 2446
2355
2356 2607
2357
2358
2359
2360
2361
2362
2363 1484 2517
2364
2365
2366
2367 987 878 191 1536 686
2368
2369
2370
2371 2364
2372
2373
2374 1221
2375
2376
2377 1397
2378
2379
2380
2381
2382
2383 1807 336 437 1149
2384
2385
2386 1465
2387
2388
2389
2390
2391
2392
2393
2394
2395 2320
2396
2397
2398 1369
2399
2400
2401
2402
2403
2404
2405
2406
2407
2408 1239
2409
2410
2411
2412
2413
2414
2415 1788 1390 2552 2681 1621 2418 1442 229
2416
2417
2418
2419
2420
2421
2422
2423
2424
2425
2426
2427
2428
2429 2504
2430
2431 1472
2432
2433
2434 967 2331 1124
2435
2436
2437
2438 2436 2077
2439
2440
2441
2442 922 1808 2041 2474 1874 2093 1833 2118 1839 442 948 780 1026 1816 1854 2770 225 1880 115 204 342 1990 2133 2882 619 2268 403 446
2443
2444
2445 39 1469 2559 729 2912 1176 1241 1695 2112 2792 528 216
2446
2447 2745 1278 2135
2448
2449
2450
2451 1249 124 2439 755
2452 1256
2453
2454
2455
2456
2457
2458
2459
2460
2461
2462
2463 969 392 1328 113 2198 2240 2612
2464
2465
2466 282
2467
2468 1748 214
2469
2470
2471
2472 1768 1544
2473
2474
2475 860 742
2476
2477
2478
2479
2480
2481
2482
2483
2484
2485
2486
2487
2488 981 360
2489
2490
2491
2492
2493
2494
2495
2496
2497
2498 557 1017 217 1619 1679 676 953 642 2888
2499
2500 1458 150
2501 2795 2780 1264 2449 2586
2502 153 1340
2503
2504
2505
2506
2507 918
2508
2509
2510
2511
2512
2513 273 466 2205 432 2428
2514
2515
2516
2517
2518
2519
2520
2521
2522
2523
2524
2525
2526
2527
2528
2529
2530
2531
2532
2533
2534 597 2086 411 1546 1091 1488
2535
2536
2537
2538
2539
2540
2541
2542
2543
2544
2545
2546
2547 287 974 168 251 930
2548
2549 1082 1818 1111 446
2550
2551
2552
2553
2554 2652
2555
2556
2557
2558
2559
2560
2561
2562
2563
2564
2565
2566
2567
2568
2569 882 2627 2799 74 146 2226 1223 443
2570
2571
2572
2573
2574 914
2575
2576
2577
2578
2579
2580 2578
2581
2582
2583
2584
2585
2586
2587 913 1934 1275 449 2669 640 1563 2371 865 288 1125 589 1586 1137 1979 1374 1399 2039 1059
2588
2589
2590
2591 1417 963 470 1780 714
2592
2593
2594
2595
2596 2323
2597
2598
2599 1607
2600
2601
2602
2603
2604
2605
2606
2607
2608 401
2609
2610
2611
2612
2613 2321 513 1128 494 1324 1347 97 746 2802 2330 258 59
2614 794
2615
2616
2617
2618
2619
2620
2621
2622
2623
2624
2625
2626
2627 2305 2581
2628
2629 1329 2650 1473 1084
2630
2631
2632
2633
2634 346 308 2688 331 253 1398 2614
2635
2636 883 2722 2179
2637
2638
2639
2640
2641
2642 2693
2643
2644
2645
2646
2647
2648
2649
2650
2651
2652
2653
2654 1282 2781 1360 236 223 2426 1530 629 1106 1561 720 2296 1338 386 75 718 2737 906 2932 83 1404 1284 1144 2348 2689 1501 451 196 2010 1103 1855 2067 833
2655
2656
2657
2658
2659
2660 1208
2661
2662
2663 831 590 2767 969 1337 2285 419 1742 176 2429 1947 1677 1345 66 2748 923 1076 1020 675 1684 2516 1225 237 2357 548 662 1582 218 663 1636
2664
2665
2666
2667 1179
2668 193
2669
2670
2671 2651
2672
2673 560
2674
2675
2676
2677
2678 2410
2679 1489 2246 2104 1656 476 385 157 2098 2850 2694 1138 2347 37 2004 2324 1290 233 300 2252 90 1327 798 1898 2537 1820 1664 712 1400 2263 530 1611 2231 1781 754 731 630 778 2109 2207 2864 2924 2676 2229 1792 2736 264 2227 505
2680
2681
2682
2683 971
2684
2685
2686
2687
2688
2689
2690
2691
2692 2084 1901
2693
2694
2695 2674
2696
2697 474
2698
2699 775
2700
2701
2702
2703
2704
2705
2706
2707
2708
2709
2710
2711
2712
2713
2714
2715
2716
2717
2718
2719
2720
2721
2722
2723
2724 1592 1571 1589 2223 175
2725
2726
2727
2728
2729
2730
2731
2732
2733
2734
2735 2671
2736
2737
2738
2739
2740 488 1745 678 1323 1432 990 1844 1493 424 2181 2047 537 1681 382 2709 1994 2539 1401 1192 546 1482 1936 2026 1575 108 2337
2741 29 1255
2742
2743
2744
2745
2746
2747
2748
2749
2750
2751 639
2752
2753
2754
2755
2756
2757
2758
2759
2760
2761
2762 485 2210 2001 1152 213 2335 2840 627
2763
2764
2765
2766
2767
2768
2769 1325 2588 2617 996 2390 2491 2648 1534 2427 2261
2770
2771 2468 2173 2502
2772
2773 1762
2774
2775 1389 1119
2776
2777
2778
2779 995
2780
2781
2782
2783
2784
2785
2786
2787
2788
2789
2790
2791 2582
2792
2793
2794
2795
2796
2797
2798
2799
2800
2801
2802
2803
2804
2805
2806
2807
2808
2809 2049
2810 265 1872
2811
2812
2813 2065
2814
2815
2816
2817
2818
2819
2820 479 2546
2821
2822
2823
2824
2825
2826
2827
2828 1071
2829
2830
2831
2832
2833
2834
2835
2836
2837
2838
2839
2840
2841
2842
2843 1913 447
2844
2845
2846
2847
2848
2849
2850 1709 1554 588 2576 1763 2125 817 1828
2851
2852
2853
2854
2855
2856
2857
2858
2859
2860
2861
2862 1342
2863 2019
2864
2865 2705 830 2642 551 33 1993 2087 617 123 1712 2332 620 2501 502 580 1 2165 31 1538 1279 1613 2359 2731 450 1556 469 1830 1929 2541 221 986 147 2884 1481 1597 1633 1346 950 664 2923 1305 2239 2162 897
2866
2867
2868
2869
2870
2871 1044 1977 2907 2073 668 1480 1194 1553 1086 1061 1460 406 260
2872
2873
2874
2875 1403
2876
2877
2878
2879
2880
2881 818
2882
2883
2884
2885
2886 806 1382 1885 1361
2887
2888
2889
2890
2891
2892
2893
2894
2895
2896
2897
2898
2899
2900
2901 1537 513 1641 824 201 2872 2753 618 2046 2871 920 941 1363 1433 539 1456 272 1914 1524 190 1696 2529 15 692 52 2704 1428 713
2902 1718 215 1180 334 342 2749 2868
2903
2904 2765 2480
2905
2906
2907
2908
2909
2910
2911
2912
2913
2914
2915
2916
2917 50 111 2919 1966 722 1797
2918
2919
2920
2921
2922
2923
2924
2925
2926 1871 1467 702 2349 311 1866 688 2773 1654 1018 2598
2927
2928
2929
2930
2931
2932 372
2933
2934
2935
2936 861 2156
0 4 25 26 43 76 84 91 100 142 149 165 262 271 325 352 394 465 480 483 515 524 544 577 643 653 671 691 693 700 710 715 757 759 765 777 800 807 826 846 850 853 859 867 871 872 877 904 905 934 945 946 966 992 1006 1013 1030 1034 1078 1083 1097 1116 1117 1127 1132 1148 1159 1168 1195 1322 1335 1356 1357 1370 1440 1450 1459 1474 1477 1490 1521 1549 1562 1566 1570 1596 1602 1618 1627 1629 1638 1661 1668 1672 1685 1691 1705 1706 1725 1737 1744 1749 1752 1760 1767 1770 1810 1817 1824 1832 1842 1858 1865 1867 1883 1889 1895 1920 1945 1972 1975 1985 1987 2060 2061 2062 2072 2096 2099 2101 2106 2127 2150 2152 2171 2203 2244 2276 2279 2286 2302 2325 2374 2376 2381 2421 2425 2464 2498 2519 2554 2579 2580 2583 2596 2601 2613 2615 2640 2663 2668 2677 2679 2734 2735 2755 2759 2794 2828 2835 2853 2863 2865 2866 2885 2886 2895 2901 2917 2921 2931
